printer1

from start
0	0	0	0	0	0	0	

 0    0.1745   -0.7854    0.1745    0.1745    0.1745    3.1416

-0.2000    0.1745   -0.7854    0.5236    0.1745    0.5236    3.1416


before decsent
-0.4000    0.3427   -0.7997    1.1424    2.7418   -1.5422    3.1416

line up
-0.4000    0.3319   -0.8866    1.8326    2.1681   -1.1947    3.1416

-0.4000    0.3319   -0.9599    1.8326    2.2689   -1.2392    3.1416

Then RMRC 

return to position

-0.4000    0.3319   -0.9599    1.8326    2.2689   -1.2392    3.1416

-0.4000    0.3319   -0.8866    1.8326    2.1681   -1.1947    3.1416

Move to print bed

