printer3

return from deposit
   -0.2770   -4.1814   -0.8    1    2.1991    0.6283    3.1416
   -0.3560   -3.2389   -1.1310    2.0796    2.1991    0.6283    3.1416

adjust for plate

   -0.7000   -1.9248   -1.0177    1.4602    2.1991    2.5221    3.1416
   -0.7000   -1.3593   -0.8292    1.0832    2.8274    1.0053    3.1416
   -0.7000   -1.4535   -0.5150    0.9575    2.8274   -1.8850    3.1416
   -0.7000   -1.4535   -0.7035    1.3345    2.5133   -3.0159    3.1416

RMRC to plate
one initial adjustment of (0,0,0.18)
then move to collect

return to deposit
   -0.7000   -1.4535   -0.7035    1.3345    2.5133   -3.0159    3.1416
   -0.7000   -1.4535   -0.5150    0.9575    2.8274   -1.8850    3.1416
   -0.7000   -1.3593   -0.8292    1.0832    2.8274    1.0053    3.1416
   -0.7000   -1.9248   -1.0177    1.4602    2.1991    2.5221    3.1416
   -0.3560   -3.2389   -1.1310    2.0796    2.1991    0.6283    3.1416
   -0.2770   -4.1814   -0.8    1    2.1991    0.6283    3.1416